00000000    // 0
00000000
00000000
00000000
00000000
00000000
00000000
00000000

00000000    // 0
00000000
00000000
00000000
00000000
00000000
00000000
00000000

00000000    // 0
00000000
00000000
00000000
00000000
00000000
00000000
00000000

00000000    // 0
00000000
00000000
00000000
00000000
00000000
00000000
00000000

00000000    // 0
00000000
00000000
00000000
00000000
00000000
00000000
00000000

00000000    // 0
00000000
00000000
00000000
00000000
00000000
00000000
00000000

00000000    // 0
00000000
00000000
00000000
00000000
00000000
00000000
00000000

00000000    // 0
00000000
00000000
00000000
00000000
00000000
00000000
00000000

00000000    // 0
00000000
00000000
00000000
00000000
00000000
00000000
00000000

00000000    // 0
00000000
00000000
00000000
00000000
00000000
00000000
00000000

00000000    // 0
00000000
00000000
00000000
00000000
00000000
00000000
00000000

00000000    // 0
00000000
00000000
00000000
00000000
00000000
00000000
00000000

00000000    // 0
00000000
00000000
00000000
00000000
00000000
00000000
00000000

00000000    // 0
00000000
00000000
00000000
00000000
00000000
00000000
00000000

00000000    // 0
00000000
00000000
00000000
00000000
00000000
00000000
00000000

00000000    // 0
00000000
00000000
00000000
00000000
00000000
00000000
00000000

00000000    // 0
00000000
00000000
00000000
00000000
00000000
00000000
00000000

00000000    // 0
00000000
00000000
00000000
00000000
00000000
00000000
00000000

00000000    // 0
00000000
00000000
00000000
00000000
00000000
00000000
00000000

00000000    // 0
00000000
00000000
00000000
00000000
00000000
00000000
00000000

00000000    // 0
00000000
00000000
00000000
00000000
00000000
00000000
00000000

00000000    // 0
00000000
00000000
00000000
00000000
00000000
00000000
00000000

00000000    // 0
00000000
00000000
00000000
00000000
00000000
00000000
00000000

00000000    // 0
00000000
00000000
00000000
00000000
00000000
00000000
00000000

00000000    // 0
00000000
00000000
00000000
00000000
00000000
00000000
00000000

00000000    // 0
00000000
00000000
00000000
00000000
00000000
00000000
00000000

00000000    // 0
00000000
00000000
00000000
00000000
00000000
00000000
00000000

00000000    // 0
00000000
00000000
00000000
00000000
00000000
00000000
00000000

00000000    // 0
00000000
00000000
00000000
00000000
00000000
00000000
00000000

00000000    // 0
00000000
00000000
00000000
00000000
00000000
00000000
00000000

00000000    // 0
00000000
00000000
00000000
00000000
00000000
00000000
00000000

00000000    // 31
00000000
00000000
00000000
00000000
00000000
00000000
00000000

00000000    // space
00000000
00000000
00000000
00000000
00000000
00000000
00000000

00111100    // !
00011000
00011000
00011000
00011000
00000000
00011000
00011000

00101000    // "
00101000
00000000
00000000
00000000
00000000
00000000
00000000

00100100    // #
00100100
11111110
00100100
00100100
11111110
00100100
00100100

00000000    // TODO $
00000000
00000000
00000000
00000000
00000000
00000000
00000000

00000000    // TODO %
00000000
00000000
00000000
00000000
00000000
00000000
00000000

00000000    // TODO &
00000000
00000000
00000000
00000000
00000000
00000000
00000000

00000000    // TODO '
00000000
00000000
00000000
00000000
00000000
00000000
00000000

00000000    // TODO (
00000000
00000000
00000000
00000000
00000000
00000000
00000000

00000000    // TODO )
00000000
00000000
00000000
00000000
00000000
00000000
00000000

00000000    // TODO *
00000000
00000000
00000000
00000000
00000000
00000000
00000000

00000000    // TODO +
00000000
00000000
00000000
00000000
00000000
00000000
00000000

00000000    // ,
00000000
00000000
00000000
00000000
00000000
01100000
11000000

00000000    // TODO -
00000000
00000000
00000000
00000000
00000000
00000000
00000000

00000000    // .
00000000
00000000
00000000
00000000
00000000
01100000
01100000

00000000    // TODO /
00000000
00000000
00000000
00000000
00000000
00000000
00000000

01111100    // 0
10000010
10000110
10011010
10110010
11000010
10000010
01111100

00001000    // 1
00111000
00001000
00001000
00001000
00001000
00001000
11111110

01111100    // 2
10000010
00000010
00000100
00001000
00010000
01100000
11111110

01111100    // 3
10000010
00000100
00001000
00001100
00000100
10000010
01111100

10000010    // 4
10000010
10000010
11111110
00000010
00000010
00000010
00000010

11111110    // 5
10000000
10000000
11111100
00000010
00000010
00000100
11111000

00011110    // 6
00100000
01000000
10000000
11111100
10000010
10000010
01111100

11111110    // 7
00000010
00000100
00001000
00010000
00010000
00010000
00010000

01111100    // 8
10000010
10000010
01111100
10000010
10000010
10000010
01111100

01111100    // 9
10000010
10000010
01111110
00000010
00000100
00001000
11110000

00000000    // :
01100000
01100000
00000000
00000000
01100000
01100000
00000000

00000000    // TODO ;
00000000
00000000
00000000
00000000
00000000
00000000
00000000

00000000    // TODO <
00000000
00000000
00000000
00000000
00000000
00000000
00000000

00000000    // TODO =
00000000
00000000
00000000
00000000
00000000
00000000
00000000

00000000    // TODO >
00000000
00000000
00000000
00000000
00000000
00000000
00000000

01111100    // ?
10000010
10000010
00001100
00110000
00000000
00110000
00110000

00000000    // TODO @
00000000
00000000
00000000
00000000
00000000
00000000
00000000

01111100    // A
10000010
10000010
11111110
10000010
10000010
10000010
10000010

11111100    // B
10000010
10000010
11111100
10000010
10000010
10000010
11111100

01111100    // C
10000010
10000000
10000000
10000000
10000000
10000010
01111100

11111000    // D
10000100
10000010
10000010
10000010
10000010
10000100
11111000

11111110    // E
10000000
10000000
11111000
10000000
10000000
10000000
11111110

11111110    // F
10000000
10000000
11111100
10000000
10000000
10000000
10000000

01111100    // G
10000010
10000000
10011100
10000010
10000010
10000010
01111100

10000010    // H
10000010
10000010
11111110
10000010
10000010
10000010
10000010

11111110    // I
00010000
00010000
00010000
00010000
00010000
00010000
11111110

11111110    // J
00000010
00000010
00000010
00000010
00000010
10000110
01111100

10000010    // K
10000100
10001000
11110000
10001000
10000100
10000010
10000010

10000000    // L
10000000
10000000
10000000
10000000
10000000
10000000
11111110

10000010    // M
11000110
10101010
10010010
10000010
10000010
10000010
10000010

10000010    // N
11000010
10100010
10010010
10001010
10000110
10000010
10000010

01111100    // O
10000010
10000010
10000010
10000010
10000010
10000010
01111100

11111100    // P
10000010
10000010
11111100
10000000
10000000
10000000
10000000

01111100    // Q
10000010
10000010
10000010
10000010
10001010
10000110
01111111

11111100    // R
10000010
10000010
11111100
10010000
10001000
10000100
10000010

01111100    // S
10000010
10000000
01111100
00000010
00000010
10000010
01111100

11111110    // T
00010000
00010000
00010000
00010000
00010000
00010000
00010000

10000010    // U
10000010
10000010
10000010
10000010
10000010
10000010
01111100

10000010    // V
10000010
10000010
10000010
10000010
01000100
00101000
00010000

10000010    // W
10000010
10000010
10000010
10010010
10101010
01101100
01000100

10000010    // X
01000100
00101000
00010000
00101000
01000100
10000010
10000010

10000010    // Y
01000100
00101000
00010000
00010000
00010000
00010000
00010000

11111110    // Z
00000010
00000100
00001000
00010000
00100000
01000000
11111110
